kinematics:
  shoulder:
    x: 0
    y: 0
    z: 0.1812065596277143
    roll: -0
    pitch: 0
    yaw: 8.511555828552564e-08
  upper_arm:
    x: -3.755272031981188e-05
    y: 0
    z: 0
    roll: 1.570090206331735
    pitch: 0
    yaw: 3.966223728369227e-06
  forearm:
    x: -0.6127077248175288
    y: 0
    z: 0
    roll: 3.140244128337705
    pitch: 3.139680102656161
    yaw: -3.141580924662177
  wrist_1:
    x: -0.5711650396746384
    y: 0.0006533300113963116
    z: 0.1752271682279071
    roll: 3.137864196464099
    pitch: 3.140381163347663
    yaw: 3.141582969564753
  wrist_2:
    x: -5.70153397786694e-05
    y: -0.1199059017194939
    z: 0.0001382112344489842
    roll: 1.569643663154022
    pitch: 0
    yaw: 4.202677944264987e-07
  wrist_3:
    x: 0.0001385770770630365
    y: 0.1158231302511155
    z: 7.112796096774724e-06
    roll: 1.570857737638071
    pitch: 3.141592653589793
    yaw: -3.141592584560114
  hash: calib_11038024193761353618